13511112385
13511112381
13511112382
13511112383
13511112385
13511112384
13511112386
13511112315
13511112325
13511112335
13511112345
13511112355
13511112365
13511112375
13511112385
13511112395
13511112185
13511112285
13511112385
13511112485
13511112585
13511112685
13511112785
13511112885
13511112985
13511111085
13511111385
13511112385
13511113385
13511114385
13511115385
13511116385
13511117385
13511118385
13511119385
13511110385
13512112385
13511112385
13511112385
13511112385
13511112385
13511112385
13511112385
13511112385
13511112385
13511112385
13511112385
13511112385
13511112385
13511112385
13516112385
13511112385
13511112385
13511112385
13511112385
13511112385
13511712385
13511112385
13511112385
13511112385
13511112385
13501112385
13511112385
13511112385
13511112385
13511112385
13511112385
13511112385
13511112385
13511412385
13511112385
13511112385
13511812385
13511112385
13511112385
13511112385
13511112385
13511112385
13511112385
13511112385
13511112385
13511112385
13511112385
13511112385